25225
9312140
59242829
495451869
628985552
1637051623
1734748816
1910223575
2252771432
2368163005
2504169941
2515935303
2604470200
2845830735
3063830395
3109499900
3730334164
3888693704
3954761962
4243580005
4614245500
4714654953
4761971929
4803620297
4935829990
5574492415
5829181003
6023415569
6190626073
6194350267
7013620082
7016862073
7018757408
7746730712
8241453433
8521990651
8651816528
8808992241
8893066466
9302537711
9304397398
10252819073
10328853924
10328924996
10328837897
10328856104
7388889484
10251157957
2743661282
10380868043
1704626956
5126863791
8847866410
7192884527
1546351703
5431213084
199748180
5077857561
7263549240
2434569161
10424836856
42938567
356227381
5488246940
10564153058
94992259
5027373354
583143972
10194796662
3331192670
10818869410
4848785155
1188434434
3833025660
990748
1546656615
9745517960
9961268384
7826626806
10955408181
7013872470
5297741471
1347687806
917401728
1569902500
3144382651
7903828929
3795627683
11173073326
2526574943
2491906064
